0
7.96079e-14
1.90034e-12
8.50785e-13
1.06787e-12
3.67178e-12
3.68241e-10
3.71365e-11
6.50919e-12
1.32785e-11
2.43983e-11
4.60542e-11
1.81812e-11
7.79165e-11
1.13245e-09
2.19734e-10
1.63724e-10
6.40711e-11
1.82556e-10
1.0359e-09
2.59333e-10
1.04015e-08
7.07791e-11
3.29551e-10
1.21162e-09
2.34812e-10
2.37237e-10
4.47102e-10
1.1976e-09
4.48367e-10
6.70555e-10
2.88772e-10
2.36101e-10
8.69334e-10
6.81674e-10
2.59635e-10
1.57811e-09
3.45973e-09
2.58089e-09
1.132e-09
3.08866e-09
5.93123e-10
1.71621e-09
8.81802e-10
1.68376e-07
3.44112e-08
2.93404e-09
1.04971e-08
1.74642e-09
2.21932e-09
8.88518e-10
4.3562e-10
9.14517e-10
9.39916e-10
1.90115e-09
7.925e-10
1.2594e-09
2.39005e-08
2.18546e-09
3.4884e-09
9.91596e-10
