0
4.1187e-14
6.96453e-13
3.49091e-13
4.63657e-13
1.04368e-12
4.40492e-12
1.68332e-11
1.88962e-12
6.1507e-12
1.24373e-12
1.25124e-11
4.27054e-12
5.89889e-11
3.87145e-09
7.8753e-12
4.78615e-12
3.05087e-11
3.44611e-12
2.30281e-11
3.42958e-11
4.54049e-11
1.02518e-11
4.74576e-11
2.18001e-11
5.5734e-11
9.5763e-12
2.31173e-11
1.20179e-11
2.85167e-11
2.58232e-11
1.71929e-11
5.37104e-11
8.78387e-11
4.61476e-11
1.85961e-11
2.24211e-10
4.75308e-10
6.25932e-11
5.10124e-11
2.54147e-09
1.63136e-10
3.89691e-11
2.31277e-11
3.36724e-09
2.20322e-10
1.21646e-10
2.88503e-11
9.43848e-10
1.44768e-10
8.6089e-11
8.94152e-11
6.40949e-11
6.51275e-11
5.85851e-11
6.35338e-11
5.05107e-11
7.59635e-11
1.27669e-10
1.80722e-10
4.17302e-10
2.07914e-09
4.63583e-11
3.05137e-10
2.09312e-10
1.46683e-10
8.19719e-11
6.78706e-11
7.25724e-10
1.54133e-10
3.08559e-10
7.2826e-11
1.14521e-10
1.186e-09
8.32609e-11
1.36564e-10
5.34289e-10
2.43381e-10
1.61801e-10
7.32023e-09
9.38903e-11
