0
0.434028
0.886525
1.04554
1.1396
1.1902
1.30133
1.34472
1.38889
1.48548
1.56925
1.66103
1.81984
1.93256
2.15805
2.31139
2.5675
2.7429
2.82742
2.79126
2.85271
2.82477
2.89607
2.8323
2.89698
2.8558
2.92826
2.89331
3.3154
3.79273
3.86614
3.84515
3.92482
3.80628
3.91449
3.88638
3.97556
3.87956
3.99162
3.90371
3.98174
3.88369
4.03344
3.95242
4.04256
3.9643
4.05026
3.96686
4.05891
3.95083
4.08133
3.99605
4.09047
4.00324
4.09406
4.00461
4.10489
4.02109
4.10317
4.03503
4.12712
4.0113
4.12858
4.04335
4.13534
4.04013
4.08921
4.00182
4.1299
4.05454
4.13075
3.86558
3.9785
3.58838
4.12682
4.00033
4.02521
3.94179
3.99247
3.82125
3.81774
