2e-06
2.4e-05
9.4e-05
0.000269
0.000585
0.001094
0.001729
0.002657
0.00384
0.005112
0.006638
0.008347
0.009891
0.011842
0.013245
0.01521
0.016618
0.018658
0.021486
0.025597
0.029212
0.034151
0.038299
0.044748
0.049707
0.056993
0.062523
0.070864
0.068971
0.066984
0.072747
0.080705
0.086968
0.098349
0.10459
0.114918
0.122247
0.136004
0.143196
0.158287
0.167431
0.184857
0.191338
0.209542
0.219498
0.239442
0.250334
0.272631
0.28382
0.310191
0.319034
0.345787
0.358068
0.387387
0.400641
0.43277
0.445647
0.479744
0.495329
0.530198
0.545174
0.589431
0.601316
0.644183
0.660324
0.708065
0.732354
0.78288
0.793079
0.843984
0.864955
0.964472
0.977253
1.12927
1.02284
1.09854
1.13601
1.20644
1.23814
1.34402
1.39699
