3e-06
1.5e-05
5.4e-05
0.000153
0.000266
0.000568
0.000883
0.001428
0.002071
0.003292
0.004292
0.005811
0.007072
0.008661
0.01008
0.011744
0.013133
0.023359
0.023604
0.02428
0.024765
0.026352
0.029595
0.034114
0.038287
0.043741
0.04996
0.056979
0.062682
0.070294
0.07673
0.069468
0.073896
0.082326
0.088702
0.097577
0.104604
0.114957
0.123381
0.134244
0.143329
0.156159
0.165573
0.178988
0.18963
0.205013
0.217261
0.23414
0.245384
0.266021
0.278594
0.297407
0.310384
0.333716
0.348914
0.376101
0.386661
0.414432
0.432164
0.45747
0.476431
